5.917159763313609329e-03
1.183431952662721866e-02
1.775147928994082885e-02
2.366863905325443732e-02
2.958579881656804578e-02
3.550295857988165771e-02
4.142011834319526964e-02
4.733727810650887463e-02
4.733727810650887463e-02
5.325443786982248656e-02
5.917159763313609155e-02
6.508875739644970349e-02
7.100591715976331542e-02
7.692307692307692735e-02
8.284023668639053928e-02
8.875739644970413733e-02
9.467455621301774926e-02
1.005917159763313612e-01
1.065088757396449731e-01
1.124260355029585851e-01
1.183431952662721831e-01
1.242603550295857950e-01
1.301775147928994070e-01
1.360946745562130189e-01
1.420118343195266308e-01
1.479289940828402428e-01
1.538461538461538547e-01
1.597633136094674666e-01
1.597633136094674666e-01
1.656804733727810786e-01
1.715976331360946627e-01
1.715976331360946627e-01
1.775147928994082747e-01
1.834319526627218866e-01
1.893491124260354985e-01
1.952662721893491105e-01
2.011834319526627224e-01
2.071005917159763343e-01
2.130177514792899462e-01
2.189349112426035582e-01
2.248520710059171701e-01
2.307692307692307820e-01
2.366863905325443662e-01
2.426035502958579781e-01
2.485207100591715901e-01
2.485207100591715901e-01
2.544378698224852298e-01
2.603550295857988139e-01
2.662721893491124536e-01
2.662721893491124536e-01
2.721893491124260378e-01
2.781065088757396220e-01
2.781065088757396220e-01
2.781065088757396220e-01
2.840236686390532617e-01
2.899408284023668458e-01
2.958579881656804855e-01
