1.000000000000000000e+00
1.000000000000000000e+00
1.000000000000000000e+00
1.000000000000000000e+00
1.000000000000000000e+00
1.000000000000000000e+00
1.000000000000000000e+00
1.000000000000000000e+00
8.888888888888888395e-01
9.000000000000000222e-01
9.090909090909090606e-01
9.166666666666666297e-01
9.230769230769231282e-01
9.285714285714286031e-01
9.333333333333333481e-01
9.375000000000000000e-01
9.411764705882352811e-01
9.444444444444444198e-01
9.473684210526315264e-01
9.499999999999999556e-01
9.523809523809523281e-01
9.545454545454545858e-01
9.565217391304348116e-01
9.583333333333333703e-01
9.599999999999999645e-01
9.615384615384615641e-01
9.629629629629629095e-01
9.642857142857143016e-01
9.310344827586206629e-01
9.333333333333333481e-01
9.354838709677418818e-01
9.062500000000000000e-01
9.090909090909090606e-01
9.117647058823529216e-01
9.142857142857142572e-01
9.166666666666666297e-01
9.189189189189189699e-01
9.210526315789473450e-01
9.230769230769231282e-01
9.250000000000000444e-01
9.268292682926829729e-01
9.285714285714286031e-01
9.302325581395348708e-01
9.318181818181817677e-01
9.333333333333333481e-01
9.130434782608695121e-01
9.148936170212765839e-01
9.166666666666666297e-01
9.183673469387755306e-01
9.000000000000000222e-01
9.019607843137255054e-01
9.038461538461538547e-01
8.867924528301887044e-01
8.703703703703703498e-01
8.727272727272726849e-01
8.750000000000000000e-01
8.771929824561403022e-01
