0.000000000000000000e+00
5.000000000000000000e-01
6.666666666666666297e-01
7.500000000000000000e-01
8.000000000000000444e-01
8.333333333333333703e-01
8.571428571428570953e-01
8.750000000000000000e-01
7.777777777777777901e-01
8.000000000000000444e-01
8.181818181818182323e-01
8.333333333333333703e-01
7.692307692307692735e-01
7.142857142857143016e-01
7.333333333333332815e-01
7.500000000000000000e-01
7.058823529411765163e-01
6.666666666666666297e-01
6.315789473684210176e-01
5.999999999999999778e-01
5.714285714285713969e-01
5.454545454545454142e-01
5.217391304347825942e-01
5.000000000000000000e-01
5.200000000000000178e-01
5.000000000000000000e-01
5.185185185185184897e-01
5.000000000000000000e-01
4.827586206896551935e-01
4.666666666666666741e-01
4.516129032258064391e-01
4.375000000000000000e-01
4.242424242424242542e-01
4.117647058823529216e-01
4.000000000000000222e-01
4.166666666666666852e-01
4.054054054054054279e-01
3.947368421052631637e-01
3.846153846153846367e-01
3.750000000000000000e-01
3.658536585365853577e-01
3.809523809523809312e-01
3.720930232558139483e-01
3.863636363636363535e-01
3.777777777777777679e-01
3.695652173913043237e-01
3.617021276595744905e-01
3.541666666666666852e-01
3.673469387755102233e-01
3.599999999999999867e-01
3.529411764705882582e-01
3.461538461538461453e-01
3.396226415094339424e-01
3.333333333333333148e-01
3.454545454545454586e-01
3.571428571428571508e-01
3.508771929824561209e-01
