0.000000000000000000e+00
5.917159763313609329e-03
1.183431952662721866e-02
1.775147928994082885e-02
2.366863905325443732e-02
2.958579881656804578e-02
3.550295857988165771e-02
4.142011834319526964e-02
4.142011834319526964e-02
4.733727810650887463e-02
5.325443786982248656e-02
5.917159763313609155e-02
5.917159763313609155e-02
5.917159763313609155e-02
6.508875739644970349e-02
7.100591715976331542e-02
7.100591715976331542e-02
7.100591715976331542e-02
7.100591715976331542e-02
7.100591715976331542e-02
7.100591715976331542e-02
7.100591715976331542e-02
7.100591715976331542e-02
7.100591715976331542e-02
7.692307692307692735e-02
7.692307692307692735e-02
8.284023668639053928e-02
8.284023668639053928e-02
8.284023668639053928e-02
8.284023668639053928e-02
8.284023668639053928e-02
8.284023668639053928e-02
8.284023668639053928e-02
8.284023668639053928e-02
8.284023668639053928e-02
8.875739644970413733e-02
8.875739644970413733e-02
8.875739644970413733e-02
8.875739644970413733e-02
8.875739644970413733e-02
8.875739644970413733e-02
9.467455621301774926e-02
9.467455621301774926e-02
1.005917159763313612e-01
1.005917159763313612e-01
1.005917159763313612e-01
1.005917159763313612e-01
1.005917159763313612e-01
1.065088757396449731e-01
1.065088757396449731e-01
1.065088757396449731e-01
1.065088757396449731e-01
1.065088757396449731e-01
1.065088757396449731e-01
1.124260355029585851e-01
1.183431952662721831e-01
1.183431952662721831e-01
