1.000000000000000000e+00
1.000000000000000000e+00
1.000000000000000000e+00
1.000000000000000000e+00
1.000000000000000000e+00
1.000000000000000000e+00
1.000000000000000000e+00
1.000000000000000000e+00
8.888888888888888395e-01
9.000000000000000222e-01
9.090909090909090606e-01
9.166666666666666297e-01
8.461538461538461453e-01
7.857142857142856984e-01
8.000000000000000444e-01
8.125000000000000000e-01
7.647058823529411242e-01
7.777777777777777901e-01
7.368421052631578538e-01
6.999999999999999556e-01
6.666666666666666297e-01
6.363636363636363535e-01
6.086956521739130821e-01
5.833333333333333703e-01
5.999999999999999778e-01
6.153846153846154188e-01
6.296296296296296502e-01
6.428571428571429047e-01
6.206896551724138122e-01
6.333333333333333037e-01
6.451612903225806273e-01
6.250000000000000000e-01
6.363636363636363535e-01
6.470588235294117974e-01
6.285714285714285587e-01
6.388888888888888395e-01
6.486486486486486847e-01
6.578947368421053099e-01
6.410256410256410797e-01
6.500000000000000222e-01
6.585365853658536883e-01
6.666666666666666297e-01
6.744186046511627675e-01
6.818181818181817677e-01
6.666666666666666297e-01
6.521739130434782705e-01
6.595744680851063357e-01
6.666666666666666297e-01
6.734693877551020114e-01
6.600000000000000311e-01
6.470588235294117974e-01
6.538461538461538547e-01
6.415094339622641195e-01
6.296296296296296502e-01
6.363636363636363535e-01
6.428571428571429047e-01
6.315789473684210176e-01
